10,193
10,69
10,307
10,97
10,227
10,191
11,17
11,11
11,27
35,259
35,3
35,1
34,3
34,1
23,23
23,22
23,21
23,20
23,19
23,18
23,17
23,16
23,15
23,14
23,3
23,1
20,3
20,2
20,1
19,3
19,2
19,1
12,3
12,2
12,1
11,30
11,29
11,28
11,26
11,25
11,22
11,21
11,20
11,19
11,18
11,16
11,14
11,10
11,9
11,8
11,6
11,4
11,3
11,2
11,1
10,304
10,277
10,268
10,266
10,221
10,210
10,205
10,178
10,175
10,158
10,147
18,1
10,116
10,114
18,3
10,103
10,96
10,95
10,9
14,1
10,4
10,3
10,2
14,3
10,1
9,7
9,6
9,5
13,1
9,4
9,3
13,3
9,2
9,1
8,18
8,17
8,16
8,15
8,12
8,11
8,10
8,9
8,8
8,7
8,6
8,4
8,3
8,2
8,1
3,3
3,2
3,1
0,930
0,929
0,928
0,927
0,926
0,925
0,924
0,923
0,922
0,921
0,920
